31
aradu.Aradu.0FI0R.1                   0.0000000 0.6546725 0.0057503 0.6544016 0.6546725 0.6544016 0.0042999 0.6093779 0.1053638 0.1496381 0.1496381 0.1119681 0.6395334 0.6143711 0.6186144 0.1218814 0.1218814 0.1426333 0.6445168 0.1548259 0.1172961 0.6517259 0.1438568 0.6164823 0.2732143 0.1320190 0.6508547 0.6655924 0.1323808 0.1286100 0.6570315 
aradu.Aradu.97UJ3.1                   0.6546725 0.0000000 0.6485821 0.0042674 0.0000010 0.0042674 0.6593772 0.1300679 0.6601460 0.6584808 0.6584808 0.6886657 0.1021530 0.1139331 0.1119775 0.6314388 0.6314388 0.6386088 0.1242580 0.6473817 0.6470999 0.1318551 0.6900484 0.1781409 0.9470523 0.6583120 0.1282538 0.1236437 0.6562263 0.6607643 0.1239485 
arahy.8IGA7D.1                        0.0057503 0.6485821 0.0000000 0.6483130 0.6485821 0.6483130 0.0071970 0.6127748 0.1035332 0.1470771 0.1470771 0.1100981 0.6255107 0.6008564 0.6050116 0.1218861 0.1218861 0.1406510 0.6436101 0.1476471 0.1172990 0.6508060 0.1394265 0.6136837 0.2669844 0.1300819 0.6499430 0.6646519 0.1304383 0.1266769 0.6561066 
arahy.PUPF9M.2                        0.6544016 0.0042674 0.6483130 0.0000000 0.0042674 0.0000010 0.6591054 0.1351655 0.6559063 0.6632045 0.6632045 0.6842429 0.1063241 0.1187310 0.1167394 0.6273727 0.6273727 0.6432194 0.1287504 0.6432191 0.6429460 0.1364999 0.6856056 0.1788699 0.9543623 0.6540825 0.1328083 0.1281191 0.6520019 0.6565243 0.1284331 
arahy.XB6ANN.1                        0.6546725 0.0000010 0.6485821 0.0042674 0.0000000 0.0042674 0.6593772 0.1300679 0.6601460 0.6584808 0.6584808 0.6886657 0.1021530 0.1139331 0.1119775 0.6314388 0.6314388 0.6386088 0.1242580 0.6473817 0.6470999 0.1318551 0.6900484 0.1781409 0.9470523 0.6583120 0.1282538 0.1236437 0.6562263 0.6607643 0.1239485 
araip.Araip.LQZ8D.1                   0.6544016 0.0042674 0.6483130 0.0000010 0.0042674 0.0000000 0.6591054 0.1351655 0.6559063 0.6632045 0.6632045 0.6842429 0.1063241 0.1187310 0.1167394 0.6273727 0.6273727 0.6432194 0.1287504 0.6432191 0.6429460 0.1364999 0.6856056 0.1788699 0.9543623 0.6540825 0.1328083 0.1281191 0.6520019 0.6565243 0.1284331 
araip.Araip.V5LSC.1                   0.0042999 0.6593772 0.0071970 0.6591054 0.6593772 0.6591054 0.0000000 0.6138056 0.1069316 0.1516820 0.1516820 0.1175518 0.6441470 0.6188577 0.6231230 0.1256881 0.1256881 0.1485481 0.6491775 0.1498583 0.1229039 0.6564260 0.1415656 0.6209588 0.2700060 0.1377987 0.6555171 0.6703355 0.1381769 0.1343786 0.6617351 
cajca.C.cajan_11017.1                 0.6093779 0.1300679 0.6127748 0.1351655 0.1300679 0.1351655 0.6138056 0.0000000 0.6666430 0.6332334 0.6332334 0.6958032 0.0376426 0.0917085 0.0898514 0.6497634 0.6497634 0.6723317 0.1137648 0.7162212 0.6463095 0.0718890 0.7013118 0.1342304 0.9472327 0.6440494 0.0727551 0.0728829 0.6526762 0.6409327 0.0660655 
cajca.C.cajan_17266.1                 0.1053638 0.6601460 0.1035332 0.6559063 0.6601460 0.6559063 0.1069316 0.6666430 0.0000000 0.1184942 0.1184942 0.0363958 0.6616784 0.6577739 0.6622534 0.0892145 0.0892145 0.1261361 0.6794229 0.1319063 0.0479115 0.7110155 0.1174313 0.6728979 0.2424812 0.0568009 0.6827713 0.7033656 0.0586088 0.0501733 0.6974204 
cicar.CDCFrontier.Ca_00033.1          0.1496381 0.6584808 0.1470771 0.6632045 0.6584808 0.6632045 0.1516820 0.6332334 0.1184942 0.0000000 0.0000010 0.1107807 0.6391700 0.6318645 0.6361791 0.1216706 0.1216706 0.1484188 0.6682238 0.0989319 0.1290712 0.6858949 0.0849004 0.6381206 0.2207564 0.1357832 0.6715637 0.6696869 0.1356318 0.1297284 0.6684412 
cicar.ICC4958.Ca_02780.1              0.1496381 0.6584808 0.1470771 0.6632045 0.6584808 0.6632045 0.1516820 0.6332334 0.1184942 0.0000010 0.0000000 0.1107807 0.6391700 0.6318645 0.6361791 0.1216706 0.1216706 0.1484188 0.6682238 0.0989319 0.1290712 0.6858949 0.0849004 0.6381206 0.2207564 0.1357832 0.6715637 0.6696869 0.1356318 0.1297284 0.6684412 
glyma.Glyma.12G167300.1               0.1119681 0.6886657 0.1100981 0.6842429 0.6886657 0.6842429 0.1175518 0.6958032 0.0363958 0.1107807 0.1107807 0.0000000 0.6847264 0.6663478 0.6708765 0.0882908 0.0882908 0.1229757 0.7049932 0.1261033 0.0417688 0.7122226 0.1191731 0.6964000 0.2388036 0.0486624 0.6839981 0.7045754 0.0470486 0.0469930 0.6986347 
glyma.Glyma.19G263500.1               0.6395334 0.1021530 0.6255107 0.1063241 0.1021530 0.1063241 0.6441470 0.0376426 0.6616784 0.6391700 0.6391700 0.6847264 0.0000000 0.0667385 0.0650005 0.6804305 0.6804305 0.6683799 0.0849024 0.6746041 0.6518746 0.0361869 0.6847503 0.1167682 0.9348593 0.6569348 0.0390475 0.0374028 0.6657393 0.6656244 0.0312069 
lotja.Lj1g3v5061350.1                 0.6143711 0.1139331 0.6008564 0.1187310 0.1139331 0.1187310 0.6188577 0.0917085 0.6577739 0.6318645 0.6318645 0.6663478 0.0667385 0.0000000 0.0014277 0.6648078 0.6648078 0.6587367 0.1039196 0.6694525 0.6262314 0.1045163 0.6594995 0.1124352 0.9010145 0.6327707 0.1014679 0.1014260 0.6307077 0.6351715 0.0978531 
lotja.Lj1g3v5061360.1                 0.6186144 0.1119775 0.6050116 0.1167394 0.1119775 0.1167394 0.6231230 0.0898514 0.6622534 0.6361791 0.6361791 0.6708765 0.0650005 0.0014277 0.0000000 0.6693574 0.6693574 0.6632748 0.1020209 0.6740050 0.6305420 0.1025726 0.6639712 0.1131355 0.9068184 0.6371181 0.0995580 0.0995164 0.6350506 0.6395281 0.0959594 
lotja.Lj6g3v2275010.2                 0.1218814 0.6314388 0.1218861 0.6273727 0.6314388 0.6273727 0.1256881 0.6497634 0.0892145 0.1216706 0.1216706 0.0882908 0.6804305 0.6648078 0.6693574 0.0000000 0.0000010 0.1353281 0.6673515 0.1190383 0.1014352 0.7114041 0.1288887 0.6678626 0.2496644 0.1018419 0.6937769 0.6990403 0.1021134 0.1022202 0.6977331 
lotja.Lj6g3v2275020.1                 0.1218814 0.6314388 0.1218861 0.6273727 0.6314388 0.6273727 0.1256881 0.6497634 0.0892145 0.1216706 0.1216706 0.0882908 0.6804305 0.6648078 0.6693574 0.0000010 0.0000000 0.1353281 0.6673515 0.1190383 0.1014352 0.7114041 0.1288887 0.6678626 0.2496644 0.1018419 0.6937769 0.6990403 0.1021134 0.1022202 0.6977331 
lupan.Lup014919.1                     0.1426333 0.6386088 0.1406510 0.6432194 0.6386088 0.6432194 0.1485481 0.6723317 0.1261361 0.1484188 0.1484188 0.1229757 0.6683799 0.6587367 0.6632748 0.1353281 0.1353281 0.0000000 0.7043985 0.1590165 0.1310026 0.6928219 0.1523570 0.6727361 0.3048325 0.1313333 0.6791313 0.7060688 0.1316970 0.1296139 0.6987507 
lupan.Lup029273.1                     0.6445168 0.1242580 0.6436101 0.1287504 0.1242580 0.1287504 0.6491775 0.1137648 0.6794229 0.6682238 0.6682238 0.7049932 0.0849024 0.1039196 0.1020209 0.6673515 0.6673515 0.7043985 0.0000000 0.6813868 0.6626508 0.1203240 0.7077910 0.1399423 0.9022971 0.6784748 0.1140931 0.1078813 0.6876241 0.6809824 0.1077401 
medtr.Medtr2g005870.1                 0.1548259 0.6473817 0.1476471 0.6432191 0.6473817 0.6432191 0.1498583 0.7162212 0.1319063 0.0989319 0.0989319 0.1261033 0.6746041 0.6694525 0.6740050 0.1190383 0.1190383 0.1590165 0.6813868 0.0000000 0.1431885 0.6948605 0.0600859 0.6949630 0.1962364 0.1469683 0.7087370 0.7067575 0.1468116 0.1451902 0.7054336 
phavu.Phvul.006G218700.1              0.1172961 0.6470999 0.1172990 0.6429460 0.6470999 0.6429460 0.1229039 0.6463095 0.0479115 0.1290712 0.1290712 0.0417688 0.6518746 0.6262314 0.6305420 0.1014352 0.1014352 0.1310026 0.6626508 0.1431885 0.0000000 0.7002435 0.1355714 0.6653399 0.2645124 0.0335739 0.6769135 0.6973622 0.0352335 0.0336829 0.6869051 
phavu.Phvul.009G263100.1              0.6517259 0.1318551 0.6508060 0.1364999 0.1318551 0.1364999 0.6564260 0.0718890 0.7110155 0.6858949 0.6858949 0.7122226 0.0361869 0.1045163 0.1025726 0.7114041 0.7114041 0.6928219 0.1203240 0.6948605 0.7002435 0.0000000 0.7244174 0.1441696 0.9630004 0.6867000 0.0424107 0.0407409 0.6959398 0.6957139 0.0344703 
pissa.Cameor.gnm1.ann1.Psat1g222280.1 0.1438568 0.6900484 0.1394265 0.6856056 0.6900484 0.6856056 0.1415656 0.7013118 0.1174313 0.0849004 0.0849004 0.1191731 0.6847503 0.6594995 0.6639712 0.1288887 0.1288887 0.1523570 0.7077910 0.0600859 0.1355714 0.7244174 0.0000000 0.6845181 0.2040583 0.1301733 0.7117993 0.7171566 0.1300254 0.1242151 0.7158212 
pissa.Cameor.gnm1.ann1.Psat3g000200.1 0.6164823 0.1781409 0.6136837 0.1788699 0.1781409 0.1788699 0.6209588 0.1342304 0.6728979 0.6381206 0.6381206 0.6964000 0.1167682 0.1124352 0.1131355 0.6678626 0.6678626 0.6727361 0.1399423 0.6949630 0.6653399 0.1441696 0.6845181 0.0000000 0.9172442 0.6619501 0.1463778 0.1437640 0.6598643 0.6644065 0.1415587 
tripr.mRNA2184                        0.2732143 0.9470523 0.2669844 0.9543623 0.9470523 0.9543623 0.2700060 0.9472327 0.2424812 0.2207564 0.2207564 0.2388036 0.9348593 0.9010145 0.9068184 0.2496644 0.2496644 0.3048325 0.9022971 0.1962364 0.2645124 0.9630004 0.2040583 0.9172442 0.0000000 0.2687020 0.9682712 0.9817191 0.2685307 0.2667679 0.9710568 
vigan.Vang0958s00050.1                0.1320190 0.6583120 0.1300819 0.6540825 0.6583120 0.6540825 0.1377987 0.6440494 0.0568009 0.1357832 0.1357832 0.0486624 0.6569348 0.6327707 0.6371181 0.1018419 0.1018419 0.1313333 0.6784748 0.1469683 0.0335739 0.6867000 0.1301733 0.6619501 0.2687020 0.0000000 0.6684332 0.6886620 0.0043233 0.0087065 0.6783332 
vigan.Vang0966s00020.2                0.6508547 0.1282538 0.6499430 0.1328083 0.1282538 0.1328083 0.6555171 0.0727551 0.6827713 0.6715637 0.6715637 0.6839981 0.0390475 0.1014679 0.0995580 0.6937769 0.6937769 0.6791313 0.1140931 0.7087370 0.6769135 0.0424107 0.7117993 0.1463778 0.9682712 0.6684332 0.0000000 0.0100399 0.6773798 0.6772240 0.0115054 
vigra.Vradi05g00040.1                 0.6655924 0.1236437 0.6646519 0.1281191 0.1236437 0.1281191 0.6703355 0.0728829 0.7033656 0.6696869 0.6696869 0.7045754 0.0374028 0.1014260 0.0995164 0.6990403 0.6990403 0.7060688 0.1078813 0.7067575 0.6973622 0.0407409 0.7171566 0.1437640 0.9817191 0.6886620 0.0100399 0.0000000 0.6978905 0.6976580 0.0100278 
vigra.Vradi10g13330.1                 0.1323808 0.6562263 0.1304383 0.6520019 0.6562263 0.6520019 0.1381769 0.6526762 0.0586088 0.1356318 0.1356318 0.0470486 0.6657393 0.6307077 0.6350506 0.1021134 0.1021134 0.1316970 0.6876241 0.1468116 0.0352335 0.6959398 0.1300254 0.6598643 0.2685307 0.0043233 0.6773798 0.6978905 0.0000000 0.0101943 0.6873997 
vigun.Vigun06g235400.1                0.1286100 0.6607643 0.1266769 0.6565243 0.6607643 0.6565243 0.1343786 0.6409327 0.0501733 0.1297284 0.1297284 0.0469930 0.6656244 0.6351715 0.6395281 0.1022202 0.1022202 0.1296139 0.6809824 0.1451902 0.0336829 0.6957139 0.1242151 0.6644065 0.2667679 0.0087065 0.6772240 0.6976580 0.0101943 0.0000000 0.6872074 
vigun.Vigun09g000400.1                0.6570315 0.1239485 0.6561066 0.1284331 0.1239485 0.1284331 0.6617351 0.0660655 0.6974204 0.6684412 0.6684412 0.6986347 0.0312069 0.0978531 0.0959594 0.6977331 0.6977331 0.6987507 0.1077401 0.7054336 0.6869051 0.0344703 0.7158212 0.1415587 0.9710568 0.6783332 0.0115054 0.0100278 0.6873997 0.6872074 0.0000000 
