19
aradu.Aradu.69Z0K.1                   0.0000000 0.0076822 0.0000010 0.0076822 0.2020253 0.2127741 0.2127741 0.1976965 0.2023686 0.1846404 0.1567992 0.2196138 0.1966273 0.5225212 0.2533822 0.2335768 0.1797265 0.1853072 0.1984016 
arahy.DT2ZPD.1                        0.0076822 0.0000000 0.0076822 0.0000010 0.1892450 0.2112322 0.2112322 0.1849659 0.1895855 0.1723345 0.1452400 0.2180144 0.1839934 0.5343859 0.2602934 0.2318638 0.1675268 0.1729649 0.1856347 
arahy.R5AJY0.1                        0.0000010 0.0076822 0.0000000 0.0076822 0.2020253 0.2127741 0.2127741 0.1976965 0.2023686 0.1846404 0.1567992 0.2196138 0.1966273 0.5225212 0.2533822 0.2335768 0.1797265 0.1853072 0.1984016 
araip.Araip.PZ9H4.1                   0.0076822 0.0000010 0.0076822 0.0000000 0.1892450 0.2112322 0.2112322 0.1849659 0.1895855 0.1723345 0.1452400 0.2180144 0.1839934 0.5343859 0.2602934 0.2318638 0.1675268 0.1729649 0.1856347 
cajca.C.cajan_46131.1                 0.2020253 0.1892450 0.2020253 0.1892450 0.0000000 0.2155656 0.2155656 0.0526228 0.0566808 0.1511870 0.1707683 0.2404796 0.0838734 0.5827036 0.2466699 0.2175175 0.0785017 0.0829782 0.0927982 
cicar.CDCFrontier.Ca_15707.1          0.2127741 0.2112322 0.2127741 0.2112322 0.2155656 0.0000000 0.0000010 0.2128275 0.2390276 0.1623548 0.1933587 0.0938044 0.2620492 0.4163100 0.0987325 0.0757853 0.2440302 0.2453451 0.2527545 
cicar.ICC4958.Ca_20398.1              0.2127741 0.2112322 0.2127741 0.2112322 0.2155656 0.0000010 0.0000000 0.2128275 0.2390276 0.1623548 0.1933587 0.0938044 0.2620492 0.4163100 0.0987325 0.0757853 0.2440302 0.2453451 0.2527545 
glyma.Glyma.08G227200.1               0.1976965 0.1849659 0.1976965 0.1849659 0.0526228 0.2128275 0.2128275 0.0000000 0.0397992 0.1361343 0.1437866 0.2395035 0.0796704 0.5996046 0.2430900 0.2337812 0.0743609 0.0788165 0.0885585 
glyma.Glyma.15G222300.1               0.2023686 0.1895855 0.2023686 0.1895855 0.0566808 0.2390276 0.2390276 0.0397992 0.0000000 0.1351807 0.1595812 0.2503828 0.0787043 0.6232147 0.2541208 0.2577468 0.0647835 0.0691103 0.0784967 
lotja.Lj3g3v1739280.1                 0.1846404 0.1723345 0.1846404 0.1723345 0.1511870 0.1623548 0.1623548 0.1361343 0.1351807 0.0000000 0.1332187 0.1614807 0.1790745 0.5342268 0.1926604 0.1773326 0.1781161 0.1836542 0.1852927 
lupan.Lup001774.1                     0.1567992 0.1452400 0.1567992 0.1452400 0.1707683 0.1933587 0.1933587 0.1437866 0.1595812 0.1332187 0.0000000 0.2024442 0.1650232 0.5168527 0.2094076 0.2043216 0.1711085 0.1766779 0.1782764 
medtr.Medtr8g043970.1                 0.2196138 0.2180144 0.2196138 0.2180144 0.2404796 0.0938044 0.0938044 0.2395035 0.2503828 0.1614807 0.2024442 0.0000000 0.2578549 0.3911761 0.1176071 0.0960140 0.2695370 0.2709773 0.2654819 
phavu.Phvul.011G186900.1              0.1966273 0.1839934 0.1966273 0.1839934 0.0838734 0.2620492 0.2620492 0.0796704 0.0787043 0.1790745 0.1650232 0.2578549 0.0000000 0.6114062 0.2738901 0.2522562 0.0527064 0.0484592 0.0487236 
pissa.Cameor.gnm1.ann1.Psat4g141840.1 0.5225212 0.5343859 0.5225212 0.5343859 0.5827036 0.4163100 0.4163100 0.5996046 0.6232147 0.5342268 0.5168527 0.3911761 0.6114062 0.0000000 0.3049800 0.3739080 0.5940432 0.5969166 0.6122884 
pissa.Cameor.gnm1.ann1.Psat4g141880.1 0.2533822 0.2602934 0.2533822 0.2602934 0.2466699 0.0987325 0.0987325 0.2430900 0.2541208 0.1926604 0.2094076 0.1176071 0.2738901 0.3049800 0.0000000 0.0809843 0.2513984 0.2527545 0.2603161 
tripr.mRNA25879                       0.2335768 0.2318638 0.2335768 0.2318638 0.2175175 0.0757853 0.0757853 0.2337812 0.2577468 0.1773326 0.2043216 0.0960140 0.2522562 0.3739080 0.0809843 0.0000000 0.2471686 0.2485085 0.2560257 
vigan.Vang0650s00020.1                0.1797265 0.1675268 0.1797265 0.1675268 0.0785017 0.2440302 0.2440302 0.0743609 0.0647835 0.1781161 0.1711085 0.2695370 0.0527064 0.5940432 0.2513984 0.2471686 0.0000000 0.0038020 0.0194486 
vigra.Vradi0209s00030.1               0.1853072 0.1729649 0.1853072 0.1729649 0.0829782 0.2453451 0.2453451 0.0788165 0.0691103 0.1836542 0.1766779 0.2709773 0.0484592 0.5969166 0.2527545 0.2485085 0.0038020 0.0000000 0.0234276 
vigun.Vigun11g026900.1                0.1984016 0.1856347 0.1984016 0.1856347 0.0927982 0.2527545 0.2527545 0.0885585 0.0784967 0.1852927 0.1782764 0.2654819 0.0487236 0.6122884 0.2603161 0.2560257 0.0194486 0.0234276 0.0000000 
