16
aradu.Aradu.ZFB7W.1          0.0000000 0.0019034 0.0019034 0.0115442 0.2302300 0.2164195 0.2164195 0.2212576 0.2127968 0.2198237 0.3025608 0.2362602 0.2282652 0.2657404 0.2283046 0.2363297 
arahy.0046K4.1               0.0019034 0.0000000 0.0000010 0.0134896 0.2302300 0.2164195 0.2164195 0.2212576 0.2127968 0.2169819 0.3058395 0.2362602 0.2282652 0.2657404 0.2283046 0.2363297 
arahy.BJTL8K.1               0.0019034 0.0000010 0.0000000 0.0134896 0.2302300 0.2164195 0.2164195 0.2212576 0.2127968 0.2169819 0.3058395 0.2362602 0.2282652 0.2657404 0.2283046 0.2363297 
araip.Araip.02MA2.1          0.0115442 0.0134896 0.0134896 0.0000000 0.2372000 0.2131682 0.2131682 0.2281504 0.2167067 0.2208823 0.3077336 0.2328576 0.2322253 0.2621279 0.2328293 0.2409194 
cajca.C.cajan_12408.1        0.2302300 0.2302300 0.2302300 0.2372000 0.0000000 0.1720710 0.1720710 0.0871953 0.0931696 0.2054420 0.2570012 0.1814659 0.1068585 0.2055787 0.1214104 0.1190653 
cicar.CDCFrontier.Ca_10616.1 0.2164195 0.2164195 0.2164195 0.2131682 0.1720710 0.0000000 0.0000010 0.1559023 0.1625572 0.1636533 0.2544971 0.0983948 0.1701810 0.1114295 0.1759339 0.1703253 
cicar.ICC4958.Ca_13803.1     0.2164195 0.2164195 0.2164195 0.2131682 0.1720710 0.0000010 0.0000000 0.1559023 0.1625572 0.1636533 0.2544971 0.0983948 0.1701810 0.1114295 0.1759339 0.1703253 
glyma.Glyma.01G149500.1      0.2212576 0.2212576 0.2212576 0.2281504 0.0871953 0.1559023 0.1559023 0.0000000 0.0443150 0.1905209 0.2529835 0.1760748 0.0919762 0.2030903 0.1059649 0.1060100 
glyma.Glyma.09G213700.1      0.2127968 0.2127968 0.2127968 0.2167067 0.0931696 0.1625572 0.1625572 0.0443150 0.0000000 0.1874212 0.2479207 0.1785545 0.0871900 0.2113929 0.1010449 0.1010877 
lotja.Lj2g3v1549600.1        0.2198237 0.2169819 0.2169819 0.2208823 0.2054420 0.1636533 0.1636533 0.1905209 0.1874212 0.0000000 0.2700879 0.1868747 0.2046208 0.2093025 0.2085198 0.2085834 
lupan.Lup027672.1            0.3025608 0.3058395 0.3058395 0.3077336 0.2570012 0.2544971 0.2544971 0.2529835 0.2479207 0.2700879 0.0000000 0.2649254 0.2599823 0.2902648 0.2773852 0.2718790 
medtr.Medtr5g026850.2        0.2362602 0.2362602 0.2362602 0.2328576 0.1814659 0.0983948 0.0983948 0.1760748 0.1785545 0.1868747 0.2649254 0.0000000 0.1932282 0.0996227 0.1978558 0.1951410 
phavu.Phvul.002G128600.1     0.2282652 0.2282652 0.2282652 0.2322253 0.1068585 0.1701810 0.1701810 0.0919762 0.0871900 0.2046208 0.2599823 0.1932282 0.0000000 0.2172866 0.0662215 0.0628508 
tripr.mRNA17867              0.2657404 0.2657404 0.2657404 0.2621279 0.2055787 0.1114295 0.1114295 0.2030903 0.2113929 0.2093025 0.2902648 0.0996227 0.2172866 0.0000000 0.2280690 0.2280857 
vigan.Vang0002ss01540.1      0.2283046 0.2283046 0.2283046 0.2328293 0.1214104 0.1759339 0.1759339 0.1059649 0.1010449 0.2085198 0.2773852 0.1978558 0.0662215 0.2280690 0.0000000 0.0205955 
vigra.Vradi11g07850.1        0.2363297 0.2363297 0.2363297 0.2409194 0.1190653 0.1703253 0.1703253 0.1060100 0.1010877 0.2085834 0.2718790 0.1951410 0.0628508 0.2280857 0.0205955 0.0000000 
