24
cajca.C.cajan_08385.1                 0.0000000 0.1738905 0.1328053 0.1328053 0.1916170 0.0444053 0.1778470 0.0502911 0.1124488 0.1337072 0.1807338 0.1501420 0.2414065 0.1373106 0.0443702 0.2158024 0.2421725 0.6174961 0.1415034 0.1492246 0.2151087 0.0717184 0.0590633 0.2278392 
cajca.C.cajan_16144.1                 0.1738905 0.0000000 0.2339472 0.2339472 0.0906725 0.1671854 0.0881918 0.1721572 0.1997384 0.2709079 0.2382753 0.2452818 0.2688977 0.2052069 0.1756044 0.0775727 0.2564676 0.7830995 0.2193850 0.2449042 0.2224392 0.1840593 0.1756620 0.0974113 
cicar.CDCFrontier.Ca_08232.1          0.1328053 0.2339472 0.0000000 0.0000010 0.2438926 0.1178423 0.2342113 0.1188240 0.1250205 0.1688446 0.1926882 0.1704074 0.2512830 0.0621347 0.1313544 0.2437156 0.2413445 0.4475578 0.0501701 0.0532782 0.2371148 0.1388157 0.1238116 0.2581898 
cicar.ICC4958.Ca_05073.1              0.1328053 0.2339472 0.0000010 0.0000000 0.2438926 0.1178423 0.2342113 0.1188240 0.1250205 0.1688446 0.1926882 0.1704074 0.2512830 0.0621347 0.1313544 0.2437156 0.2413445 0.4475578 0.0501701 0.0532782 0.2371148 0.1388157 0.1238116 0.2581898 
glyma.Glyma.02G072800.1               0.1916170 0.0906725 0.2438926 0.2438926 0.0000000 0.1792733 0.0358057 0.1844694 0.2126441 0.2723655 0.2605253 0.2598394 0.2637454 0.2245386 0.1801362 0.0836861 0.2387596 0.8460592 0.2434729 0.2615009 0.2137108 0.1966078 0.1879670 0.1103507 
glyma.Glyma.16G040000.1               0.0444053 0.1671854 0.1178423 0.1178423 0.1792733 0.0000000 0.1797076 0.0297481 0.1008561 0.1220602 0.1578633 0.1298833 0.2243697 0.1509340 0.0382898 0.1946533 0.2206975 0.5798122 0.1261247 0.1378850 0.1953259 0.0587334 0.0466398 0.2129588 
glyma.Glyma.16G154100.1               0.1778470 0.0881918 0.2342113 0.2342113 0.0358057 0.1797076 0.0000000 0.1888066 0.2147530 0.2732962 0.2444853 0.2717571 0.2535288 0.2011938 0.1794038 0.0875141 0.2414548 0.7669583 0.2155755 0.2407441 0.2062816 0.1879266 0.1794630 0.0937628 
glyma.Glyma.19G113100.1               0.0502911 0.1721572 0.1188240 0.1188240 0.1844694 0.0297481 0.1888066 0.0000000 0.1081826 0.1160482 0.1664182 0.1273672 0.2038727 0.1522519 0.0411779 0.2120738 0.2167378 0.6239556 0.1297320 0.1354838 0.2035211 0.0621246 0.0498497 0.2311878 
lotja.Lj1g3v3975310.1                 0.1124488 0.1997384 0.1250205 0.1250205 0.2126441 0.1008561 0.2147530 0.1081826 0.0000000 0.1559325 0.2157814 0.1598101 0.2675262 0.1371491 0.1145860 0.2290224 0.2869092 0.5912937 0.1397119 0.1338451 0.2356110 0.1286053 0.1106131 0.2532877 
lupan.Lup000007.1                     0.1337072 0.2709079 0.1688446 0.1688446 0.2723655 0.1220602 0.2732962 0.1160482 0.1559325 0.0000000 0.2181513 0.1163612 0.2596703 0.2092775 0.1338201 0.3214429 0.2716569 0.7084907 0.1736540 0.1833447 0.2826684 0.1558902 0.1400507 0.3308166 
lupan.Lup001524.1                     0.1807338 0.2382753 0.1926882 0.1926882 0.2605253 0.1578633 0.2444853 0.1664182 0.2157814 0.2181513 0.0000000 0.2201797 0.2908080 0.2201797 0.1848319 0.2627382 0.2727232 0.6794822 0.1913934 0.2080754 0.2748278 0.1892960 0.1761073 0.2599398 
lupan.Lup009942.1                     0.1501420 0.2452818 0.1704074 0.1704074 0.2598394 0.1298833 0.2717571 0.1273672 0.1598101 0.1163612 0.2201797 0.0000000 0.2690001 0.2046724 0.1420283 0.2893440 0.3011844 0.7260613 0.1791880 0.1943839 0.2764494 0.1682663 0.1518848 0.3079204 
medtr.Medtr6g029180.1                 0.2414065 0.2688977 0.2512830 0.2512830 0.2637454 0.2243697 0.2535288 0.2038727 0.2675262 0.2596703 0.2908080 0.2690001 0.0000000 0.2762838 0.2297134 0.2983350 0.1146725 0.7879811 0.2510814 0.2299500 0.0942088 0.2567803 0.2428162 0.3169202 
medtr.Medtr7g085810.1                 0.1373106 0.2052069 0.0621347 0.0621347 0.2245386 0.1509340 0.2011938 0.1522519 0.1371491 0.2092775 0.2201797 0.2046724 0.2762838 0.0000000 0.1580879 0.2243684 0.2751768 0.4772817 0.0746406 0.0619130 0.2521469 0.1660839 0.1499685 0.2515985 
phavu.Phvul.001G111800.1              0.0443702 0.1756044 0.1313544 0.1313544 0.1801362 0.0382898 0.1794038 0.0411779 0.1145860 0.1338201 0.1848319 0.1420283 0.2297134 0.1580879 0.0000000 0.2022417 0.2434151 0.6068944 0.1364759 0.1521235 0.2165627 0.0353906 0.0213158 0.2152805 
phavu.Phvul.004G081200.1              0.2158024 0.0775727 0.2437156 0.2437156 0.0836861 0.1946533 0.0875141 0.2120738 0.2290224 0.3214429 0.2627382 0.2893440 0.2983350 0.2243684 0.2022417 0.0000000 0.2945428 0.8357454 0.2564063 0.2702948 0.2402987 0.2165337 0.2075580 0.0556230 
pissa.Cameor.gnm1.ann1.Psat1g095400.1 0.2421725 0.2564676 0.2413445 0.2413445 0.2387596 0.2206975 0.2414548 0.2167378 0.2869092 0.2716569 0.2727232 0.3011844 0.1146725 0.2751768 0.2434151 0.2945428 0.0000000 0.7625739 0.2323848 0.2481923 0.0880512 0.2490150 0.2477942 0.3104491 
pissa.Cameor.gnm1.ann1.Psat3g088600.1 0.6174961 0.7830995 0.4475578 0.4475578 0.8460592 0.5798122 0.7669583 0.6239556 0.5912937 0.7084907 0.6794822 0.7260613 0.7879811 0.4772817 0.6068944 0.8357454 0.7625739 0.0000000 0.3540055 0.4715224 0.7431808 0.6181656 0.5796219 0.8300447 
pissa.Cameor.gnm1.ann1.Psat3g088720.1 0.1415034 0.2193850 0.0501701 0.0501701 0.2434729 0.1261247 0.2155755 0.1297320 0.1397119 0.1736540 0.1913934 0.1791880 0.2510814 0.0746406 0.1364759 0.2564063 0.2323848 0.3540055 0.0000000 0.0655501 0.2324862 0.1522654 0.1295343 0.2732040 
tripr.mRNA6119                        0.1492246 0.2449042 0.0532782 0.0532782 0.2615009 0.1378850 0.2407441 0.1354838 0.1338451 0.1833447 0.2080754 0.1943839 0.2299500 0.0619130 0.1521235 0.2702948 0.2481923 0.4715224 0.0655501 0.0000000 0.2308247 0.1600823 0.1440517 0.2762439 
tripr.mRNA9452                        0.2151087 0.2224392 0.2371148 0.2371148 0.2137108 0.1953259 0.2062816 0.2035211 0.2356110 0.2826684 0.2748278 0.2764494 0.0942088 0.2521469 0.2165627 0.2402987 0.0880512 0.7431808 0.2324862 0.2308247 0.0000000 0.2301119 0.2208228 0.2696469 
vigra.Vradi0007s00620.1               0.0717184 0.1840593 0.1388157 0.1388157 0.1966078 0.0587334 0.1879266 0.0621246 0.1286053 0.1558902 0.1892960 0.1682663 0.2567803 0.1660839 0.0353906 0.2165337 0.2490150 0.6181656 0.1522654 0.1600823 0.2301119 0.0000000 0.0186791 0.2300932 
vigun.Vigun01g088200.1                0.0590633 0.1756620 0.1238116 0.1238116 0.1879670 0.0466398 0.1794630 0.0498497 0.1106131 0.1400507 0.1761073 0.1518848 0.2428162 0.1499685 0.0213158 0.2075580 0.2477942 0.5796219 0.1295343 0.1440517 0.2208228 0.0186791 0.0000000 0.2208436 
vigun.Vigun04g113000.1                0.2278392 0.0974113 0.2581898 0.2581898 0.1103507 0.2129588 0.0937628 0.2311878 0.2532877 0.3308166 0.2599398 0.3079204 0.3169202 0.2515985 0.2152805 0.0556230 0.3104491 0.8300447 0.2732040 0.2762439 0.2696469 0.2300932 0.2208436 0.0000000 
