27
aradu.Aradu.46M2Y.1                   0.0000000 0.0061765 0.0000010 0.0061765 0.3745132 0.5248114 0.3795469 0.3795469 0.2932342 0.3839067 0.3695205 0.4852933 0.3227689 0.3227689 0.3723020 0.4085676 0.4182391 0.3299483 0.4243318 0.3854248 0.3886264 0.3389244 0.3518858 0.3469484 0.3470102 0.3603492 0.4030043 
arahy.I65W25.1                        0.0061765 0.0000000 0.0061765 0.0000010 0.3743274 0.5246069 0.3863890 0.3863890 0.2930685 0.3837204 0.3693367 0.4850913 0.3225938 0.3225938 0.3779609 0.4083747 0.4255620 0.3165953 0.4084625 0.3924092 0.3955981 0.3254436 0.3445606 0.3396718 0.3468293 0.3463010 0.3937344 
arahy.V4BGUX.1                        0.0000010 0.0061765 0.0000000 0.0061765 0.3745132 0.5248114 0.3795469 0.3795469 0.2932342 0.3839067 0.3695205 0.4852933 0.3227689 0.3227689 0.3723020 0.4085676 0.4182391 0.3299483 0.4243318 0.3854248 0.3886264 0.3389244 0.3518858 0.3469484 0.3470102 0.3603492 0.4030043 
araip.Araip.38X68.1                   0.0061765 0.0000010 0.0061765 0.0000000 0.3743274 0.5246069 0.3863890 0.3863890 0.2930685 0.3837204 0.3693367 0.4850913 0.3225938 0.3225938 0.3779609 0.4083747 0.4255620 0.3165953 0.4084625 0.3924092 0.3955981 0.3254436 0.3445606 0.3396718 0.3468293 0.3463010 0.3937344 
cajca.C.cajan_33924.1                 0.3745132 0.3743274 0.3745132 0.3743274 0.0000000 0.5315387 0.2825405 0.2825405 0.3644431 0.1209915 0.1294141 0.5940359 0.3056347 0.3056347 0.3691545 0.4051075 0.3552328 0.4016364 0.1971846 0.4128521 0.3561368 0.4356100 0.1786535 0.1947182 0.4417042 0.4736161 0.2378025 
cajca.C.cajan_37712.1                 0.5248114 0.5246069 0.5248114 0.5246069 0.5315387 0.0000000 0.5669860 0.5669860 0.3839011 0.5965064 0.5634099 0.4912685 0.4068577 0.4068577 0.5282863 0.5440771 0.5084574 0.4719382 0.5811944 0.5796074 0.5260305 0.4531053 0.5258666 0.5093445 0.4738081 0.4965977 0.5464157 
cicar.CDCFrontier.Ca_09832.1          0.3795469 0.3863890 0.3795469 0.3863890 0.2825405 0.5669860 0.0000000 0.0000010 0.4008313 0.2696713 0.2813389 0.6179435 0.2651100 0.2651100 0.3469459 0.3932054 0.1659353 0.4421064 0.3746608 0.1652457 0.1415908 0.4411162 0.3087972 0.3283728 0.4498664 0.4395867 0.3784926 
cicar.ICC4958.Ca_03225.1              0.3795469 0.3863890 0.3795469 0.3863890 0.2825405 0.5669860 0.0000010 0.0000000 0.4008313 0.2696713 0.2813389 0.6179435 0.2651100 0.2651100 0.3469459 0.3932054 0.1659353 0.4421064 0.3746608 0.1652457 0.1415908 0.4411162 0.3087972 0.3283728 0.4498664 0.4395867 0.3784926 
glyma.Glyma.02G311000.1               0.2932342 0.2930685 0.2932342 0.2930685 0.3644431 0.3839011 0.4008313 0.4008313 0.0000000 0.3749170 0.3832569 0.2191898 0.2900106 0.2900106 0.3388479 0.3557012 0.4019487 0.2825107 0.3971913 0.4266844 0.3688743 0.2772041 0.4051245 0.3830141 0.2770265 0.2873327 0.4178308 
glyma.Glyma.04G000600.2               0.3839067 0.3837204 0.3839067 0.3837204 0.1209915 0.5965064 0.2696713 0.2696713 0.3749170 0.0000000 0.0685930 0.6482063 0.3191634 0.3191634 0.3839917 0.4306628 0.3343088 0.4343554 0.1863903 0.3715384 0.3106008 0.4614533 0.1713594 0.1757598 0.4786336 0.4795692 0.2066336 
glyma.Glyma.06G000400.1               0.3695205 0.3693367 0.3695205 0.3693367 0.1294141 0.5634099 0.2813389 0.2813389 0.3832569 0.0685930 0.0000000 0.6696262 0.3322172 0.3322172 0.3740874 0.4330402 0.3232041 0.4688690 0.1726263 0.3666410 0.3361015 0.4850451 0.1558551 0.1697671 0.4850807 0.4791119 0.1852358 
glyma.Glyma.14G001600.1               0.4852933 0.4850913 0.4852933 0.4850913 0.5940359 0.4912685 0.6179435 0.6179435 0.2191898 0.6482063 0.6696262 0.0000000 0.4704862 0.4704862 0.5194824 0.5004036 0.6277339 0.4630025 0.7104464 0.5932043 0.5879361 0.4903805 0.7094620 0.6697426 0.4900151 0.5050054 0.6734197 
lotja.Lj0g3v0358659.1                 0.3227689 0.3225938 0.3227689 0.3225938 0.3056347 0.4068577 0.2651100 0.2651100 0.2900106 0.3191634 0.3322172 0.4704862 0.0000000 0.0000010 0.2822891 0.2690237 0.3052036 0.3241302 0.3754102 0.3150739 0.2824644 0.3899942 0.3246673 0.3393156 0.3841451 0.4311973 0.3703317 
lotja.Lj0g3v0358669.1                 0.3227689 0.3225938 0.3227689 0.3225938 0.3056347 0.4068577 0.2651100 0.2651100 0.2900106 0.3191634 0.3322172 0.4704862 0.0000010 0.0000000 0.2822891 0.2690237 0.3052036 0.3241302 0.3754102 0.3150739 0.2824644 0.3899942 0.3246673 0.3393156 0.3841451 0.4311973 0.3703317 
lupan.Lup019181.1                     0.3723020 0.3779609 0.3723020 0.3779609 0.3691545 0.5282863 0.3469459 0.3469459 0.3388479 0.3839917 0.3740874 0.5194824 0.2822891 0.2822891 0.0000000 0.0925737 0.3323157 0.4815307 0.3914414 0.4471745 0.3617600 0.5081571 0.3734821 0.3841003 0.5165409 0.5145740 0.3993246 
lupan.Lup029716.1                     0.4085676 0.4083747 0.4085676 0.4083747 0.4051075 0.5440771 0.3932054 0.3932054 0.3557012 0.4306628 0.4330402 0.5004036 0.2690237 0.2690237 0.0925737 0.0000000 0.3755477 0.4486369 0.4593738 0.4916048 0.3886401 0.4802291 0.4700826 0.4747208 0.4693703 0.4848624 0.4928454 
medtr.Medtr5g099060.1                 0.4182391 0.4255620 0.4182391 0.4255620 0.3552328 0.5084574 0.1659353 0.1659353 0.4019487 0.3343088 0.3232041 0.6277339 0.3052036 0.3052036 0.3323157 0.3755477 0.0000000 0.4969637 0.4209883 0.1741063 0.1128074 0.5277166 0.3593972 0.3600502 0.5532005 0.5498604 0.3938012 
phavu.Phvul.008G291800.2              0.3299483 0.3165953 0.3299483 0.3165953 0.4016364 0.4719382 0.4421064 0.4421064 0.2825107 0.4343554 0.4688690 0.4630025 0.3241302 0.3241302 0.4815307 0.4486369 0.4969637 0.0000000 0.5440899 0.4873212 0.4859004 0.0903034 0.4601666 0.4457718 0.0980164 0.1197971 0.5035700 
phavu.Phvul.009G115800.1              0.4243318 0.4084625 0.4243318 0.4084625 0.1971846 0.5811944 0.3746608 0.3746608 0.3971913 0.1863903 0.1726263 0.7104464 0.3754102 0.3754102 0.3914414 0.4593738 0.4209883 0.5440899 0.0000000 0.4243855 0.3945998 0.5146359 0.0961733 0.1002964 0.5454604 0.5591395 0.1124979 
pissa.Cameor.gnm1.ann1.Psat2g001120.2 0.3854248 0.3924092 0.3854248 0.3924092 0.4128521 0.5796074 0.1652457 0.1652457 0.4266844 0.3715384 0.3666410 0.5932043 0.3150739 0.3150739 0.4471745 0.4916048 0.1741063 0.4873212 0.4243855 0.0000000 0.1316440 0.5242058 0.3888154 0.3718964 0.5344261 0.5238787 0.4578910 
tripr.mRNA19272                       0.3886264 0.3955981 0.3886264 0.3955981 0.3561368 0.5260305 0.1415908 0.1415908 0.3688743 0.3106008 0.3361015 0.5879361 0.2824644 0.2824644 0.3617600 0.3886401 0.1128074 0.4859004 0.3945998 0.1316440 0.0000000 0.4973450 0.3440260 0.3366371 0.5184806 0.5081780 0.4165679 
vigan.Vang01g00130.1                  0.3389244 0.3254436 0.3389244 0.3254436 0.4356100 0.4531053 0.4411162 0.4411162 0.2772041 0.4614533 0.4850451 0.4903805 0.3899942 0.3899942 0.5081571 0.4802291 0.5277166 0.0903034 0.5146359 0.5242058 0.4973450 0.0000000 0.4743183 0.4658622 0.0222066 0.0532786 0.4614567 
vigan.Vang05g00050.1                  0.3518858 0.3445606 0.3518858 0.3445606 0.1786535 0.5258666 0.3087972 0.3087972 0.4051245 0.1713594 0.1558551 0.7094620 0.3246673 0.3246673 0.3734821 0.4700826 0.3593972 0.4601666 0.0961733 0.3888154 0.3440260 0.4743183 0.0000000 0.0223196 0.5029499 0.5274844 0.0610193 
vigra.Vradi05g15890.1                 0.3469484 0.3396718 0.3469484 0.3396718 0.1947182 0.5093445 0.3283728 0.3283728 0.3830141 0.1757598 0.1697671 0.6697426 0.3393156 0.3393156 0.3841003 0.4747208 0.3600502 0.4457718 0.1002964 0.3718964 0.3366371 0.4658622 0.0223196 0.0000000 0.5122377 0.5371769 0.0647403 
vigra.Vradi06g00060.1                 0.3470102 0.3468293 0.3470102 0.3468293 0.4417042 0.4738081 0.4498664 0.4498664 0.2770265 0.4786336 0.4850807 0.4900151 0.3841451 0.3841451 0.5165409 0.4693703 0.5532005 0.0980164 0.5454604 0.5344261 0.5184806 0.0222066 0.5029499 0.5122377 0.0000000 0.0532467 0.4892277 
vigun.Vigun08g223600.1                0.3603492 0.3463010 0.3603492 0.3463010 0.4736161 0.4965977 0.4395867 0.4395867 0.2873327 0.4795692 0.4791119 0.5050054 0.4311973 0.4311973 0.5145740 0.4848624 0.5498604 0.1197971 0.5591395 0.5238787 0.5081780 0.0532786 0.5274844 0.5371769 0.0532467 0.0000000 0.5289474 
vigun.Vigun09g278500.1                0.4030043 0.3937344 0.4030043 0.3937344 0.2378025 0.5464157 0.3784926 0.3784926 0.4178308 0.2066336 0.1852358 0.6734197 0.3703317 0.3703317 0.3993246 0.4928454 0.3938012 0.5035700 0.1124979 0.4578910 0.4165679 0.4614567 0.0610193 0.0647403 0.4892277 0.5289474 0.0000000 
