13
cajca.C.cajan_22418.1                 0.0000000 0.2192023 0.2166072 0.1090613 0.2329770 0.2734641 0.2177412 0.1237566 0.2334929 0.2282036 0.1367911 0.1351466 0.1427995 
cicar.CDCFrontier.Ca_08382.1          0.2192023 0.0000000 0.0036199 0.2229885 0.2445049 0.2815114 0.1111288 0.2268264 0.1271288 0.1117459 0.2401306 0.2387644 0.2481882 
cicar.ICC4958.Ca_10019.1              0.2166072 0.0036199 0.0000000 0.2203776 0.2418099 0.2806421 0.1089545 0.2250374 0.1249084 0.1095718 0.2383147 0.2369491 0.2485188 
glyma.Glyma.10G198700.1               0.1090613 0.2229885 0.2203776 0.0000000 0.2528046 0.2814810 0.2218897 0.1186567 0.2391294 0.2293698 0.1306901 0.1284890 0.1382756 
lotja.Lj5g3v1699100.1                 0.2329770 0.2445049 0.2418099 0.2528046 0.0000000 0.3280903 0.2327238 0.2513240 0.2555451 0.2481408 0.2611471 0.2615985 0.2696776 
lupan.Lup001677.1                     0.2734641 0.2815114 0.2806421 0.2814810 0.3280903 0.0000000 0.2969352 0.2731670 0.2922810 0.2952326 0.2990939 0.3021535 0.3105109 
medtr.Medtr1g090807.1                 0.2177412 0.1111288 0.1089545 0.2218897 0.2327238 0.2969352 0.0000000 0.2269055 0.1072478 0.1052085 0.2379715 0.2361657 0.2496047 
phavu.Phvul.007G145600.1              0.1237566 0.2268264 0.2250374 0.1186567 0.2513240 0.2731670 0.2269055 0.0000000 0.2448942 0.2377740 0.0570913 0.0543839 0.0668449 
pissa.Cameor.gnm1.ann1.Psat6g173600.1 0.2334929 0.1271288 0.1249084 0.2391294 0.2555451 0.2922810 0.1072478 0.2448942 0.0000000 0.1190862 0.2581399 0.2574636 0.2719937 
tripr.mRNA39090                       0.2282036 0.1117459 0.1095718 0.2293698 0.2481408 0.2952326 0.1052085 0.2377740 0.1190862 0.0000000 0.2510762 0.2523859 0.2641735 
vigan.Vang06g06700.1                  0.1367911 0.2401306 0.2383147 0.1306901 0.2611471 0.2990939 0.2379715 0.0570913 0.2581399 0.2510762 0.0000000 0.0178210 0.0363423 
vigra.Vradi08g16070.1                 0.1351466 0.2387644 0.2369491 0.1284890 0.2615985 0.3021535 0.2361657 0.0543839 0.2574636 0.2523859 0.0178210 0.0000000 0.0351103 
vigun.Vigun07g191100.1                0.1427995 0.2481882 0.2485188 0.1382756 0.2696776 0.3105109 0.2496047 0.0668449 0.2719937 0.2641735 0.0363423 0.0351103 0.0000000 
